date,customer_accounts_bom,growth_accounts,churn_accounts,customer_accounts_eom,book_of_business_bom,growth_mrr,churn_mrr,book_of_business_eom
2014-01-01,2580,102,16,2666,25541689,1306000,12000,26835689
2014-02-01,2666,97,20,2743,26835689,1208799,31201,28013287
2014-03-01,2743,131,5,2869,28013287,1119200,8090,29124397
2014-04-01,2869,99,15,2953,29124397,1235265,15540,30344122
2014-05-01,2953,121,8,3066,30344122,978700,9099,31313723
2014-06-01,3066,127,3,3190,31313723,1245500,1024,32558199
2014-07-01,3190,141,12,3319,32558199,1289500,11901,33835798
2014-08-01,3319,90,14,3395,33835798,1169000,41000,34963798
2014-09-01,3395,138,9,3524,34963798,977510,13304,35928004